0.100000 0.850000 0.750000 0.800000
0.200000 0.925000 0.750000 0.837500
0.300000 0.975000 0.750000 0.862500
0.400000 0.975000 0.750000 0.862500
0.500000 0.975000 0.750000 0.862500
0.600000 0.975000 0.750000 0.862500
0.700000 0.975000 0.750000 0.862500
0.800000 0.975000 0.750000 0.862500
0.900000 0.975000 0.750000 0.862500
1.000000 0.975000 0.750000 0.862500
1.100000 0.975000 0.750000 0.862500
1.200000 0.975000 0.750000 0.862500
1.300000 0.975000 0.750000 0.862500
1.400000 0.975000 0.750000 0.862500
1.500000 0.975000 0.550000 0.762500
1.600000 0.975000 0.450000 0.712500
1.700000 0.975000 0.350000 0.662500
1.800000 0.975000 0.300000 0.637500
1.900000 0.975000 0.275000 0.625000
2.000000 0.975000 0.250000 0.612500
