0.100000 0.900000 1.000000 0.950000
0.200000 0.975000 1.000000 0.987500
0.300000 0.975000 1.000000 0.987500
0.400000 0.975000 1.000000 0.987500
0.500000 0.975000 1.000000 0.987500
0.600000 0.975000 1.000000 0.987500
0.700000 0.975000 1.000000 0.987500
0.800000 0.975000 1.000000 0.987500
0.900000 0.975000 1.000000 0.987500
1.000000 0.975000 1.000000 0.987500
1.100000 0.975000 1.000000 0.987500
1.200000 0.975000 1.000000 0.987500
1.300000 0.975000 1.000000 0.987500
1.400000 1.000000 1.000000 1.000000
1.500000 1.000000 0.975000 0.987500
1.600000 1.000000 0.925000 0.962500
1.700000 1.000000 0.675000 0.837500
1.800000 1.000000 0.375000 0.687500
1.900000 1.000000 0.100000 0.550000
2.000000 1.000000 0.000000 0.500000
