0.000010 0.000000 1.000000
0.000020 0.450000 1.000000
0.000030 0.450000 1.000000
0.000040 0.850000 1.000000
0.000050 0.875000 1.000000
0.000060 0.875000 1.000000
0.000070 0.875000 1.000000
0.000080 0.875000 1.000000
0.000090 0.875000 1.000000
0.000100 0.875000 1.000000
0.000110 0.875000 0.975000
0.000120 0.875000 0.975000
0.000130 0.875000 0.925000
0.000140 0.875000 0.925000
0.000150 0.875000 0.925000
0.000160 0.875000 0.925000
0.000170 0.875000 0.850000
0.000180 0.875000 0.850000
0.000190 0.875000 0.850000
0.000200 0.875000 0.825000
