0.100000 0.750000 0.850000 0.800000
0.200000 0.900000 0.850000 0.875000
0.300000 0.975000 0.850000 0.912500
0.400000 0.975000 0.850000 0.912500
0.500000 0.975000 0.850000 0.912500
0.600000 0.975000 0.850000 0.912500
0.700000 0.975000 0.850000 0.912500
0.800000 0.975000 0.850000 0.912500
0.900000 0.975000 0.850000 0.912500
1.000000 0.975000 0.850000 0.912500
1.100000 0.975000 0.850000 0.912500
1.200000 0.975000 0.475000 0.725000
1.300000 1.000000 0.275000 0.637500
1.400000 1.000000 0.200000 0.600000
1.500000 1.000000 0.150000 0.575000
1.600000 1.000000 0.125000 0.562500
1.700000 1.000000 0.100000 0.550000
1.800000 1.000000 0.100000 0.550000
1.900000 1.000000 0.075000 0.537500
2.000000 1.000000 0.075000 0.537500
