0.100000 0.750000 0.875000 0.812500
0.200000 0.900000 0.875000 0.887500
0.300000 0.975000 0.875000 0.925000
0.400000 0.975000 0.875000 0.925000
0.500000 0.975000 0.875000 0.925000
0.600000 0.975000 0.875000 0.925000
0.700000 0.975000 0.875000 0.925000
0.800000 0.975000 0.875000 0.925000
0.900000 0.975000 0.875000 0.925000
1.000000 0.975000 0.875000 0.925000
1.100000 0.975000 0.875000 0.925000
1.200000 0.975000 0.875000 0.925000
1.300000 0.975000 0.700000 0.837500
1.400000 0.975000 0.475000 0.725000
1.500000 0.975000 0.425000 0.700000
1.600000 0.975000 0.425000 0.700000
1.700000 0.975000 0.375000 0.675000
1.800000 0.975000 0.300000 0.637500
1.900000 0.975000 0.275000 0.625000
2.000000 0.975000 0.250000 0.612500
